((("argmax" .
   [1 0 0 0 0 0])
  ("sheet_num_now" .
   [3 0 0 0 0 0 0 0 0 0 1 0 1])
  ("outL" .
   [1 0 0 0])
  ("outR" .
   [1 0 0 0])
  ("Trans" .
   [1 0 0 0 0])
  ("results" .
   [14 0 0 1 1 0 0])
  ("tree" .
   [1 0 0 0])
  ("max_depth" .
   [0 0 0 0 0 0 0 1 0])
  ("sklearn" .
   [2 0 0 1 1 0 0])
  ("ac_R" .
   [2 0 0 2])
  ("global" .
   [0 0 0 1 0 0])
  ("this" .
   [3 0 0 0])
  ("my_data_sheet" .
   [0 0 2 1 1 7 1 0 0 0 0 0 0])
  ("arr_v2" .
   [3 0 0 2 0 0])
  ("data_num_str" .
   [0 0 0 0 0 0 0 0 0 0 1 0])
  ("data_num_r" .
   [4 0 0 0 0 0 0 0 0 1])
  ("mystacks" .
   [0 0 0 1 0 1 0 0])
  ("trans" .
   [1 0 0 0 0])
  ("row_values" .
   [0 0 0 1 0 0 1 0 0 0])
  ("data_num" .
   [0 0 0 0 12 0 0 1])
  ("sdL" .
   [1 0 0])
  ("sdR" .
   [0 0 1])
  ("hstack" .
   [3 0 1 1 1 0])
  ("emp" .
   [1 0 0])
  ("ptp" .
   [2 0 0])
  ("ptpL" .
   [1 0 0 1])
  ("ptpR" .
   [0 0 0 2])
  ("minL" .
   [1 0 0 0])
  ("minR" .
   [1 0 0 0])
  ("maxL" .
   [1 0 0 0])
  ("maxR" .
   [1 0 0 0])
  ("pylab" .
   [1 0 0 0 0])
  ("amplitude_spectrum" .
   [0 0 0 12 5 5 0 0 0 0 0 0 0 0 0 0 0 1])
  ("start" .
   [13 0 0 0 0])
  ("windowed_data" .
   [0 0 0 0 0 0 2 0 0 0 0 0 0])
  ("fft" .
   [8 0 0])
  ("hanning_window" .
   [0 0 0 0 0 1 0 0 1 0 0 0 0 1])
  ("elapsed_time" .
   [0 0 1 1 0 0 0 0 0 0 0 0])
  ("start_time" .
   [0 0 0 0 0 0 0 1 0 0])
  ("phase_spectrum_2" .
   [0 0 0 0 0 0 0 0 0 0 0 0 0 0 0 1])
  ("amplitude_spectrum_2" .
   [2 0 0 0 0 0 0 0 0 1 0 0 0 0 0 0 0 0 0 5])
  ("freq_list_2" .
   [0 0 0 0 0 0 0 0 0 0 3])
  ("fft_result_2" .
   [2 0 0 0 0 0 0 0 0 0 0 0])
  ("windowed_data_2" .
   [0 0 0 0 0 0 0 0 0 0 0 0 0 0 1])
  ("col_array_in_numpy_2" .
   [4 0 0 2 0 1 0 0 0 0 0 0 0 0 0 0 0 0 0 14])
  ("hanning_window_2" .
   [1 0 0 0 0 0 0 0 0 0 0 0 0 0 0 0])
  ("sheet_1_2" .
   [1 0 0 0 0 0 0 0 0])
  ("col_values" .
   [0 0 0 0 0 0 0 0 1 0])
  ("sheet_2" .
   [2 0 0 0 0 0 0])
  ("sheet_1" .
   [8 0 1 0 0 0 1])
  ("col_array_in_numpy" .
   [0 0 3 24 5 2 1 1 1 0 0 0 0 0 0 0 1 3])
  ("sheet_by_index" .
   [0 0 0 0 0 0 0 0 0 0 0 1 0 0])
  ("book" .
   [1 0 0 0])
  ("arr_v" .
   [2 0 1 25 4])
  ("xLR" .
   [6 1 0])
  ("empty" .
   [3 0 1 3 0])
  ("delimiter" .
   [1 0 0 0 0 0 0 0 0])
  ("savetxt" .
   [0 0 0 0 2 0 0])
  ("writeData" .
   [0 0 0 0 0 0 1 0 0])
  ("stdout" .
   [2 0 0 0 0 0])
  ("linesJudge" .
   [0 0 0 0 0 0 1 0 0 0])
  ("changeL" .
   [2 0 0 0 0 0 0])
  ("lastXR" .
   [2 0 0 0 0 0])
  ("lastX" .
   [2 0 0 0 0])
  ("xRange" .
   [6 0 2 4 2 1])
  ("lastValue" .
   [0 0 0 0 2 0 0 0 0])
  ("num" .
   [1 0 0])
  ("recv_data1" .
   [0 0 0 0 0 1 0 1 0 0])
  ("low" .
   [1 0 0])
  ("high" .
   [1 0 0 0])
  ("getSerial" .
   [0 0 0 0 0 1 1 1 0])
  ("else" .
   [0 1 3 0])
  ("serial" .
   [2 0 0 0 1 0])
  ("plot" .
   [8 0 0 0])
  ("random" .
   [0 0 0 0 1 0])
  ("__name__" .
   [0 0 0 0 0 0 1 0])
  ("pause" .
   [1 0 3 0 1])
  ("plt" .
   [19 0 0])
  ("そのためx軸の範囲は適宜修正してやる必要がある．" .
   [0 0 0 0 0 1 0 0 0 0 0 0 0 0 0 0 0 0 0 0 0 0 0 0])
  ("今回の例だとあっという間にsinカーブが描画範囲からいなくなる．" .
   [0 0 0 1 0 0 0 0 0 0 0 0 0 0 0 0 0 0 0 0 0 0 0 0 0 0 0 0 0 0 0 0])
  ("を使うと軸とかは自動設定されないっぽいので，" .
   [0 0 0 2 0 0 0 0 0 0 1 0 0 0 0 0 0 0 0 0 0 0])
  ("set_data" .
   [1 0 0 0 0 0 2 1])
  ("qu" .
   [0 1])
  ("pause_plot" .
   [0 0 0 0 0 1 1 1 0 0])
  ("bytes" .
   [0 0 1 0 0])
  ("mySerial" .
   [0 0 0 0 1 0 0 0])
  ("apply" .
   [0 0 0 6 0])
  ("result" .
   [7 0 0 4 11 5])
  ("while" .
   [0 0 0 3 2])
  ("Duration" .
   [1 0 0 0 0 0 0 0])
  ("digitalWrite" .
   [0 0 0 0 0 0 1 0 0 0 0 0])
  ("pinMode" .
   [1 0 0 0 0 0 0])
  ("clone" .
   [1 0 0 0 0])
  ("URL" .
   [1 0 0])
  ("setq" .
   [1 0 0 0])
  ("twittering-mode" .
   [0 0 0 0 1 0 0 0 0 0 0 0 0 0 0])
  ("programming" .
   [0 0 0 0 0 0 1 0 0 0 0])
  ("プログラム言語論第四回課題" .
   [0 0 0 0 0 1 0 0 0 0 0 0 0])
  ("VirtualBox" .
   [0 0 0 1 0 0 0 0 0 0])
  ("$message" .
   [0 0 0 1 1 0 0 0])
  ("echo" .
   [0 0 0 1])
  ("difine" .
   [0 0 0 1 0 0])
  ("smartparens-global-mode" .
   [0 0 0 0 0 0 0 0 0 0 0 0 0 0 0 0 0 0 0 0 0 1 0])
  ("smartparens-config" .
   [0 0 0 0 0 0 0 0 0 0 0 0 0 0 0 1 0 0])
  ("php" .
   [1 0 0])
  ("git" .
   [2 0 0])
  ("commit" .
   [1 0 0 0 0 0])
  ("Color" .
   [1 0 0 0 0])
  ("black" .
   [1 0 0 0 0])
  ("fillColor" .
   [0 0 0 0 1 0 0 0 0])
  ("SIZE" .
   [6 0 29 0])
  ("boolean" .
   [0 0 0 1 1 0 2])
  ("isSelected" .
   [0 0 1 3 3 0 1 0 0 0])
  ("fillRect" .
   [1 0 0 0 0 2 0 5])
  ("public" .
   [0 0 0 0 0 5])
  ("return" .
   [0 0 0 1 0 3])
  ("getSelected" .
   [0 0 0 0 0 0 0 1 0 0 0])
  ("setRegion" .
   [0 0 0 0 0 3 0 0 0])
  ("region" .
   [1 0 0 0 0 0])
  ("Rectangle" .
   [0 0 0 1 0 0 0 0 0])
  ("require" .
   [0 0 0 0 0 0 3])
  ("php-mode" .
   [0 0 0 1 0 0 0 0])
  ("$youbi" .
   [2 0 0 0 0 0])
  ("array" .
   [0 0 0 0 3])
  ("$sales" .
   [1 0 0 1 0 0])
  ("foreach" .
   [0 0 0 0 0 1 0])
  ("$name" .
   [2 0 0 0 0])
  ("function" .
   [0 0 0 0 0 0 0 1])
  ("sayHi" .
   [0 0 0 1 0])
  ("mt_rand" .
   [0 0 0 0 0 0 1])
  ("print" .
   [0 0 0 0 3])
  ("bananas" .
   [0 0 0 0 0 0 1])
  ("catch" .
   [0 0 0 1 0])
  ("$dbh" .
   [1 0 0 0])
  ("config" .
   [0 0 0 0 0 1])
  ("synced_folder" .
   [0 0 0 0 0 1 0 0 0 0 0 0 0])
  ("owner:" .
   [0 0 0 0 0 1])
  ("group:" .
   [0 0 0 0 1 0])
  ("mount_options:" .
   [0 0 0 1 0 0 0 0 0 0 0 0 0 0])
  ("htmlentities" .
   [0 0 0 0 1 0 0 0 0 0 0 0])
  ("html" .
   [3 0 0 0])
  ("abstraction" .
   [0 0 0 1 1 0 0 0 0 0 0])
  ("dynamic" .
   [0 0 0 1 0 0 0])
  ("subtyping" .
   [0 0 0 1 0 0 0 0 0])
  ("inheritance" .
   [0 0 1 0 0 0 0 0 0 0 0])
  ("--------------------GRectangleへの追加部分-------------------" .
   [0 0 0 0 0 0 0 2 0 0 0 0 0 0 0 0 0 0 0 0 0 0 0 0 0 0 0 0 0 0 0 0 0 0 0 0 0 0 0 0 0 0 0 0 0 0 0 0 0 0 0 0 0 0 0])
  ("------------------------------------------------------------" .
   [0 0 0 0 0 0 0 0 0 0 0 0 0 0 0 0 0 0 0 0 0 0 0 0 0 0 0 0 0 0 0 0 0 0 0 0 0 0 1 0 0 0 0 0 0 0 0 0 0 0 0 0 0 0 0 0 0 0 0 0])
  ("set_foreground" .
   [0 0 0 1 0 0 0 0 0 0 0 0 0 0])
  ("aaaaa" .
   [0 0 1 0 0])
  ("ash" .
   [0 0 1])
  ("games" .
   [0 0 2 0 0])
  ("JAVA_HOME" .
   [0 0 1 0 0 0 0 0 0])
  ("using" .
   [0 0 1 0 0])
  ("namespace" .
   [0 0 0 0 1 0 0 0 0])
  ("static" .
   [0 0 1 0 0 0])
  ("ser" .
   [23 0 0])
  ("read" .
   [6 0 0 0])
  ("lines" .
   [0 0 0 0 1])
  ("axR" .
   [9 0 1])
  ("axLac" .
   [1 0 2 0 1])
  ("set_title" .
   [1 0 0 0 0 0 2 1 0])
  ("axRac" .
   [8 0 0 6 5])
  ("zeros" .
   [8 0 0 1 2])
  ("yLastDataR" .
   [1 0 2 10 21 1 0 0 0 17])
  ("recv_dataL" .
   [1 0 0 5 12 0 0 3 0 3])
  ("recv_dataR" .
   [8 0 0 2 0 0 0 0 0 0])
  ("append" .
   [12 0 0 0 3 0])
  ("yRac" .
   [13 0 2 4])
  ("yLastDataL" .
   [23 0 0 0 0 0 0 0 0 0])
  ("linesRac" .
   [1 0 0 0 0 1 0 0])
  ("delete" .
   [5 0 1 0 4 0])
  ("set_xlim" .
   [0 0 0 0 0 2 1 0])
  ("set_ylim" .
   [0 0 0 0 0 1 0 2])
  ("recv_data1R" .
   [8 0 0 0 0 0 0 0 0 0 0])
  ("average" .
   [0 0 0 1 1 2 4])
  ("aveR" .
   [2 0 0 0])
  ("changeR" .
   [4 0 0 0 0 0 2])
  ("last10" .
   [1 0 0 0 0 0])
  ("yLac" .
   [4 0 0 0])
  ("recv_data1L" .
   [1 0 0 1 1 0 0 0 0 0 0])
  ("linesLac" .
   [1 0 0 0 0 0 0 0])
  ("yRdiff" .
   [0 0 0 0 3 0])
  ("patch" .
   [7 0 0 0 4])
  ("set_facecolor" .
   [0 0 0 0 0 0 11 0 0 0 0 0 0])
  ("yLdiff" .
   [1 0 0 0 1 1])
  ("axL" .
   [3 0 0])
  ("inWaiting" .
   [0 0 0 1 4 1 0 0 0])
  ("Judge" .
   [6 0 0 2 6])
  ("yJudge" .
   [0 0 0 4 11 0])
  ("Jud" .
   [23 0 0])
  ("color" .
   [3 0 0 0 1])
  ("fig" .
   [4 0 0])
  ("figure" .
   [2 0 0 0 0 0])
  ("self" .
   [6 0 0 0])
  ("matplotlib" .
   [0 0 0 0 0 0 0 0 0 1])
  ("Button" .
   [2 0 1 0 0 0])
  ("axButton" .
   [0 0 0 0 1 0 0 0])
  ("next" .
   [0 0 0 2])
  ("callback" .
   [1 0 0 0 2 1 0 0])
  ("Index" .
   [1 0 0 0 0])
  ("myplot" .
   [19 0 13 34 8 6])
  ("prin" .
   [10 0 0 0])
  ("mydata" .
   [34 0 2 0 3 0])
  ("getData" .
   [1 0 0 0 3 0 0])
  ("pdb" .
   [0 0 1])
  ("email" .
   [0 0 1 0 0])
  ("specItem" .
   [0 0 0 0 0 1 0 0])
  ("True" .
   [0 0 1 0])
  ("name" .
   [1 0 0 0])
  ("freq_data" .
   [0 0 0 0 3 0 0 1 0])
  ("fft_result" .
   [0 0 0 0 0 0 0 1 0 0])
  ("freq_list" .
   [1 0 0 0 2 0 0 0 0])
  ("yscale" .
   [2 0 0 0 0 0])
  ("numpy" .
   [2 0 0 1 0])
  ("csvdata" .
   [3 0 0 0 0 0 0])
  ("data" .
   [4 0 0 0])
  ("data2" .
   [1 0 0 0 1])
  ("data1" .
   [3 0 0 0 0])
  ("subplot" .
   [1 0 0 0 0 0 1])
  ("subs" .
   [7 0 0 0])
  ("bar" .
   [1 0 0])
  ("subs2" .
   [2 0 0 2 4])
  ("align" .
   [1 0 0 0 0])
  ("phase" .
   [0 0 0 2 0])
  ("sub3" .
   [1 0 0 0])
  ("close" .
   [2 0 0 0 0])
  ("linewidth" .
   [1 0 0 0 0 0 0 0 0])
  ("sheet_num" .
   [2 0 0 0 2 4 1 0 0])
  ("mean" .
   [1 0 0 1])
  ("meanR" .
   [2 0 0 0 0])
  ("std" .
   [1 0 0])
  ("meanL" .
   [1 0 0 0 0])
  ("size" .
   [1 0 1 0])
  ("xac" .
   [2 0 0])
  ("axes" .
   [1 0 0 0])
  ("axButton2" .
   [1 0 0 1 0 0 0 0 0])
  ("button" .
   [2 0 0 0 0 0])
  ("on_clicked" .
   [0 0 1 0 0 0 0 0 0 0])
  ("write" .
   [2 0 0 0 0])
  ("event" .
   [1 0 0 0 0])
  ("xRangeac" .
   [1 0 0 0 0 0 0 0])
  ("my_data_R" .
   [0 0 0 2 0 5 0 0 0])
  ("save" .
   [2 0 0 0])
  ("button2" .
   [1 0 0 0 0 0 0])
  ("now" .
   [1 0 0])
  ("vstack" .
   [0 0 0 0 1 0])
  ("datetime" .
   [0 0 0 0 1 0 0 0])
  ("strftime" .
   [0 0 0 0 0 1 0 0])
  ("*GetData" .
   [0 0 0 0 0 1 0 1])
  ("*FFTshowXslx" .
   [0 0 0 0 1 0 0 0 0 0 0 0])
  ("bars" .
   [1 0 0 0])
  ("wekaexamples" .
   [0 0 0 0 1 0 1 0 0 0 0 0])
  ("classmethod" .
   [0 0 0 0 0 0 0 1 0 0 0])
  ("jvm" .
   [2 0 0])
  ("arr" .
   [8 0 0])
  ("clf" .
   [5 0 0])
  ("class_array" .
   [0 0 0 0 0 0 1 0 0 0 0])
  ("reshape" .
   [0 0 0 0 1 0 0])
  ("ac_L" .
   [2 0 0 0])
  ("RandomForestClassifier" .
   [0 0 1 0 1 1 0 1 0 0 0 0 0 0 0 0 0 0 0 0 0 0])
  ("svm" .
   [3 0 0])
  ("min_samples_leaf" .
   [0 0 0 0 0 0 1 0 0 0 0 0 0 0 0 0])
  ("my_data" .
   [0 0 0 0 0 1 0])
  ("non" .
   [3 0 0])
  ("values" .
   [2 0 0 0 0 0])
  ("names" .
   [2 0 0 0 0])
  ("result_proba" .
   [0 0 0 0 0 0 0 0 0 0 2 0])
  ("end" .
   [1 0 0])))
